/* Taylor cos approximation series */
/* Sin tests */
/*
@debug "sin(0) " + _sin(0);
@debug "sin(90) " + _sin(90);
@debug "sin(180) " + _sin(180);
@debug "sin(270) " + _sin(270);
*/
/* Taylor cos approximation series */
/* Cos tests */
/*
@debug "cos(0) " + _cos(0);
@debug "cos(90) " + _cos(90);
@debug "cos(180) " + _cos(180);
@debug "cos(270) " + _cos(270);
*/
/* Stupid sass matrix multiplication bahahahahahahaa.... XD */
/* Return a unity (no transform) matrix */
/* Convert a 4x4 matrix into a string */
/* A scale matrix */
/* Rotation matrix for x, y, z */
/* A translate matrix */
@-webkit-keyframes cog-anim-spin {
  0% {
    -webkit-transform: perspective(10px) matrix3d(1, 0, 0, 0, 0, 1, 0, 0, 0, 0, 1, 0, 0, 0, 0, 1);
    -moz-transform: perspective(10px) matrix3d(1, 0, 0, 0, 0, 1, 0, 0, 0, 0, 1, 0, 0, 0, 0, 1);
    -ms-transform: perspective(10px) matrix3d(1, 0, 0, 0, 0, 1, 0, 0, 0, 0, 1, 0, 0, 0, 0, 1);
    -o-transform: perspective(10px) matrix3d(1, 0, 0, 0, 0, 1, 0, 0, 0, 0, 1, 0, 0, 0, 0, 1);
    transform: perspective(10px) matrix3d(1, 0, 0, 0, 0, 1, 0, 0, 0, 0, 1, 0, 0, 0, 0, 1); }

  100% {
    -webkit-transform: perspective(10px) matrix3d(-1.0, 0, 0, 0, 0, -1.0, 0, 0, 0, 0, 1, 0, 0, 0, 0, 1);
    -moz-transform: perspective(10px) matrix3d(-1.0, 0, 0, 0, 0, -1.0, 0, 0, 0, 0, 1, 0, 0, 0, 0, 1);
    -ms-transform: perspective(10px) matrix3d(-1.0, 0, 0, 0, 0, -1.0, 0, 0, 0, 0, 1, 0, 0, 0, 0, 1);
    -o-transform: perspective(10px) matrix3d(-1.0, 0, 0, 0, 0, -1.0, 0, 0, 0, 0, 1, 0, 0, 0, 0, 1);
    transform: perspective(10px) matrix3d(-1.0, 0, 0, 0, 0, -1.0, 0, 0, 0, 0, 1, 0, 0, 0, 0, 1); } }
@-moz-keyframes cog-anim-spin {
  0% {
    -webkit-transform: perspective(10px) matrix3d(1, 0, 0, 0, 0, 1, 0, 0, 0, 0, 1, 0, 0, 0, 0, 1);
    -moz-transform: perspective(10px) matrix3d(1, 0, 0, 0, 0, 1, 0, 0, 0, 0, 1, 0, 0, 0, 0, 1);
    -ms-transform: perspective(10px) matrix3d(1, 0, 0, 0, 0, 1, 0, 0, 0, 0, 1, 0, 0, 0, 0, 1);
    -o-transform: perspective(10px) matrix3d(1, 0, 0, 0, 0, 1, 0, 0, 0, 0, 1, 0, 0, 0, 0, 1);
    transform: perspective(10px) matrix3d(1, 0, 0, 0, 0, 1, 0, 0, 0, 0, 1, 0, 0, 0, 0, 1); }

  100% {
    -webkit-transform: perspective(10px) matrix3d(-1.0, 0, 0, 0, 0, -1.0, 0, 0, 0, 0, 1, 0, 0, 0, 0, 1);
    -moz-transform: perspective(10px) matrix3d(-1.0, 0, 0, 0, 0, -1.0, 0, 0, 0, 0, 1, 0, 0, 0, 0, 1);
    -ms-transform: perspective(10px) matrix3d(-1.0, 0, 0, 0, 0, -1.0, 0, 0, 0, 0, 1, 0, 0, 0, 0, 1);
    -o-transform: perspective(10px) matrix3d(-1.0, 0, 0, 0, 0, -1.0, 0, 0, 0, 0, 1, 0, 0, 0, 0, 1);
    transform: perspective(10px) matrix3d(-1.0, 0, 0, 0, 0, -1.0, 0, 0, 0, 0, 1, 0, 0, 0, 0, 1); } }
@-o-keyframes cog-anim-spin {
  0% {
    -webkit-transform: perspective(10px) matrix3d(1, 0, 0, 0, 0, 1, 0, 0, 0, 0, 1, 0, 0, 0, 0, 1);
    -moz-transform: perspective(10px) matrix3d(1, 0, 0, 0, 0, 1, 0, 0, 0, 0, 1, 0, 0, 0, 0, 1);
    -ms-transform: perspective(10px) matrix3d(1, 0, 0, 0, 0, 1, 0, 0, 0, 0, 1, 0, 0, 0, 0, 1);
    -o-transform: perspective(10px) matrix3d(1, 0, 0, 0, 0, 1, 0, 0, 0, 0, 1, 0, 0, 0, 0, 1);
    transform: perspective(10px) matrix3d(1, 0, 0, 0, 0, 1, 0, 0, 0, 0, 1, 0, 0, 0, 0, 1); }

  100% {
    -webkit-transform: perspective(10px) matrix3d(-1.0, 0, 0, 0, 0, -1.0, 0, 0, 0, 0, 1, 0, 0, 0, 0, 1);
    -moz-transform: perspective(10px) matrix3d(-1.0, 0, 0, 0, 0, -1.0, 0, 0, 0, 0, 1, 0, 0, 0, 0, 1);
    -ms-transform: perspective(10px) matrix3d(-1.0, 0, 0, 0, 0, -1.0, 0, 0, 0, 0, 1, 0, 0, 0, 0, 1);
    -o-transform: perspective(10px) matrix3d(-1.0, 0, 0, 0, 0, -1.0, 0, 0, 0, 0, 1, 0, 0, 0, 0, 1);
    transform: perspective(10px) matrix3d(-1.0, 0, 0, 0, 0, -1.0, 0, 0, 0, 0, 1, 0, 0, 0, 0, 1); } }
@keyframes cog-anim-spin {
  0% {
    -webkit-transform: perspective(10px) matrix3d(1, 0, 0, 0, 0, 1, 0, 0, 0, 0, 1, 0, 0, 0, 0, 1);
    -moz-transform: perspective(10px) matrix3d(1, 0, 0, 0, 0, 1, 0, 0, 0, 0, 1, 0, 0, 0, 0, 1);
    -ms-transform: perspective(10px) matrix3d(1, 0, 0, 0, 0, 1, 0, 0, 0, 0, 1, 0, 0, 0, 0, 1);
    -o-transform: perspective(10px) matrix3d(1, 0, 0, 0, 0, 1, 0, 0, 0, 0, 1, 0, 0, 0, 0, 1);
    transform: perspective(10px) matrix3d(1, 0, 0, 0, 0, 1, 0, 0, 0, 0, 1, 0, 0, 0, 0, 1); }

  100% {
    -webkit-transform: perspective(10px) matrix3d(-1.0, 0, 0, 0, 0, -1.0, 0, 0, 0, 0, 1, 0, 0, 0, 0, 1);
    -moz-transform: perspective(10px) matrix3d(-1.0, 0, 0, 0, 0, -1.0, 0, 0, 0, 0, 1, 0, 0, 0, 0, 1);
    -ms-transform: perspective(10px) matrix3d(-1.0, 0, 0, 0, 0, -1.0, 0, 0, 0, 0, 1, 0, 0, 0, 0, 1);
    -o-transform: perspective(10px) matrix3d(-1.0, 0, 0, 0, 0, -1.0, 0, 0, 0, 0, 1, 0, 0, 0, 0, 1);
    transform: perspective(10px) matrix3d(-1.0, 0, 0, 0, 0, -1.0, 0, 0, 0, 0, 1, 0, 0, 0, 0, 1); } }
@-webkit-keyframes cog-anim-spin-reverse {
  0% {
    -webkit-transform: perspective(10px) matrix3d(-1.0, 0, 0, 0, 0, -1.0, 0, 0, 0, 0, 1, 0, 0, 0, 0, 1);
    -moz-transform: perspective(10px) matrix3d(-1.0, 0, 0, 0, 0, -1.0, 0, 0, 0, 0, 1, 0, 0, 0, 0, 1);
    -ms-transform: perspective(10px) matrix3d(-1.0, 0, 0, 0, 0, -1.0, 0, 0, 0, 0, 1, 0, 0, 0, 0, 1);
    -o-transform: perspective(10px) matrix3d(-1.0, 0, 0, 0, 0, -1.0, 0, 0, 0, 0, 1, 0, 0, 0, 0, 1);
    transform: perspective(10px) matrix3d(-1.0, 0, 0, 0, 0, -1.0, 0, 0, 0, 0, 1, 0, 0, 0, 0, 1); }

  100% {
    -webkit-transform: perspective(10px) matrix3d(1, 0, 0, 0, 0, 1, 0, 0, 0, 0, 1, 0, 0, 0, 0, 1);
    -moz-transform: perspective(10px) matrix3d(1, 0, 0, 0, 0, 1, 0, 0, 0, 0, 1, 0, 0, 0, 0, 1);
    -ms-transform: perspective(10px) matrix3d(1, 0, 0, 0, 0, 1, 0, 0, 0, 0, 1, 0, 0, 0, 0, 1);
    -o-transform: perspective(10px) matrix3d(1, 0, 0, 0, 0, 1, 0, 0, 0, 0, 1, 0, 0, 0, 0, 1);
    transform: perspective(10px) matrix3d(1, 0, 0, 0, 0, 1, 0, 0, 0, 0, 1, 0, 0, 0, 0, 1); } }
@-moz-keyframes cog-anim-spin-reverse {
  0% {
    -webkit-transform: perspective(10px) matrix3d(-1.0, 0, 0, 0, 0, -1.0, 0, 0, 0, 0, 1, 0, 0, 0, 0, 1);
    -moz-transform: perspective(10px) matrix3d(-1.0, 0, 0, 0, 0, -1.0, 0, 0, 0, 0, 1, 0, 0, 0, 0, 1);
    -ms-transform: perspective(10px) matrix3d(-1.0, 0, 0, 0, 0, -1.0, 0, 0, 0, 0, 1, 0, 0, 0, 0, 1);
    -o-transform: perspective(10px) matrix3d(-1.0, 0, 0, 0, 0, -1.0, 0, 0, 0, 0, 1, 0, 0, 0, 0, 1);
    transform: perspective(10px) matrix3d(-1.0, 0, 0, 0, 0, -1.0, 0, 0, 0, 0, 1, 0, 0, 0, 0, 1); }

  100% {
    -webkit-transform: perspective(10px) matrix3d(1, 0, 0, 0, 0, 1, 0, 0, 0, 0, 1, 0, 0, 0, 0, 1);
    -moz-transform: perspective(10px) matrix3d(1, 0, 0, 0, 0, 1, 0, 0, 0, 0, 1, 0, 0, 0, 0, 1);
    -ms-transform: perspective(10px) matrix3d(1, 0, 0, 0, 0, 1, 0, 0, 0, 0, 1, 0, 0, 0, 0, 1);
    -o-transform: perspective(10px) matrix3d(1, 0, 0, 0, 0, 1, 0, 0, 0, 0, 1, 0, 0, 0, 0, 1);
    transform: perspective(10px) matrix3d(1, 0, 0, 0, 0, 1, 0, 0, 0, 0, 1, 0, 0, 0, 0, 1); } }
@-o-keyframes cog-anim-spin-reverse {
  0% {
    -webkit-transform: perspective(10px) matrix3d(-1.0, 0, 0, 0, 0, -1.0, 0, 0, 0, 0, 1, 0, 0, 0, 0, 1);
    -moz-transform: perspective(10px) matrix3d(-1.0, 0, 0, 0, 0, -1.0, 0, 0, 0, 0, 1, 0, 0, 0, 0, 1);
    -ms-transform: perspective(10px) matrix3d(-1.0, 0, 0, 0, 0, -1.0, 0, 0, 0, 0, 1, 0, 0, 0, 0, 1);
    -o-transform: perspective(10px) matrix3d(-1.0, 0, 0, 0, 0, -1.0, 0, 0, 0, 0, 1, 0, 0, 0, 0, 1);
    transform: perspective(10px) matrix3d(-1.0, 0, 0, 0, 0, -1.0, 0, 0, 0, 0, 1, 0, 0, 0, 0, 1); }

  100% {
    -webkit-transform: perspective(10px) matrix3d(1, 0, 0, 0, 0, 1, 0, 0, 0, 0, 1, 0, 0, 0, 0, 1);
    -moz-transform: perspective(10px) matrix3d(1, 0, 0, 0, 0, 1, 0, 0, 0, 0, 1, 0, 0, 0, 0, 1);
    -ms-transform: perspective(10px) matrix3d(1, 0, 0, 0, 0, 1, 0, 0, 0, 0, 1, 0, 0, 0, 0, 1);
    -o-transform: perspective(10px) matrix3d(1, 0, 0, 0, 0, 1, 0, 0, 0, 0, 1, 0, 0, 0, 0, 1);
    transform: perspective(10px) matrix3d(1, 0, 0, 0, 0, 1, 0, 0, 0, 0, 1, 0, 0, 0, 0, 1); } }
@keyframes cog-anim-spin-reverse {
  0% {
    -webkit-transform: perspective(10px) matrix3d(-1.0, 0, 0, 0, 0, -1.0, 0, 0, 0, 0, 1, 0, 0, 0, 0, 1);
    -moz-transform: perspective(10px) matrix3d(-1.0, 0, 0, 0, 0, -1.0, 0, 0, 0, 0, 1, 0, 0, 0, 0, 1);
    -ms-transform: perspective(10px) matrix3d(-1.0, 0, 0, 0, 0, -1.0, 0, 0, 0, 0, 1, 0, 0, 0, 0, 1);
    -o-transform: perspective(10px) matrix3d(-1.0, 0, 0, 0, 0, -1.0, 0, 0, 0, 0, 1, 0, 0, 0, 0, 1);
    transform: perspective(10px) matrix3d(-1.0, 0, 0, 0, 0, -1.0, 0, 0, 0, 0, 1, 0, 0, 0, 0, 1); }

  100% {
    -webkit-transform: perspective(10px) matrix3d(1, 0, 0, 0, 0, 1, 0, 0, 0, 0, 1, 0, 0, 0, 0, 1);
    -moz-transform: perspective(10px) matrix3d(1, 0, 0, 0, 0, 1, 0, 0, 0, 0, 1, 0, 0, 0, 0, 1);
    -ms-transform: perspective(10px) matrix3d(1, 0, 0, 0, 0, 1, 0, 0, 0, 0, 1, 0, 0, 0, 0, 1);
    -o-transform: perspective(10px) matrix3d(1, 0, 0, 0, 0, 1, 0, 0, 0, 0, 1, 0, 0, 0, 0, 1);
    transform: perspective(10px) matrix3d(1, 0, 0, 0, 0, 1, 0, 0, 0, 0, 1, 0, 0, 0, 0, 1); } }
.big {
  float: left;
  display: inline-block;
  height: 100px;
  width: 100px; }
  .big > div {
    display: inline-block;
    width: 100px;
    height: 100px; }

.medium {
  float: left;
  display: inline-block;
  height: 100px;
  width: 100px;
  -webkit-transform: perspective(10px) matrix3d(0.8, 0, 0, 0, 0, 0.8, 0, 0, 0, 0, 1, 0, 0, 0, 0, 1);
  -moz-transform: perspective(10px) matrix3d(0.8, 0, 0, 0, 0, 0.8, 0, 0, 0, 0, 1, 0, 0, 0, 0, 1);
  -ms-transform: perspective(10px) matrix3d(0.8, 0, 0, 0, 0, 0.8, 0, 0, 0, 0, 1, 0, 0, 0, 0, 1);
  -o-transform: perspective(10px) matrix3d(0.8, 0, 0, 0, 0, 0.8, 0, 0, 0, 0, 1, 0, 0, 0, 0, 1);
  transform: perspective(10px) matrix3d(0.8, 0, 0, 0, 0, 0.8, 0, 0, 0, 0, 1, 0, 0, 0, 0, 1); }
  .medium > div {
    display: inline-block;
    width: 100px;
    height: 100px; }

.cog.forwards > div {
  -webkit-animation: cog-anim-spin 4s linear infinite;
  -moz-animation: cog-anim-spin 4s linear infinite;
  -o-animation: cog-anim-spin 4s linear infinite;
  animation: cog-anim-spin 4s linear infinite; }
.cog.reverse > div {
  -webkit-animation: cog-anim-spin-reverse 4s linear infinite;
  -moz-animation: cog-anim-spin-reverse 4s linear infinite;
  -o-animation: cog-anim-spin-reverse 4s linear infinite;
  animation: cog-anim-spin-reverse 4s linear infinite; }
.cog > div {
  background: #efefef;
  border-radius: 100%;
  text-align: center; }
  .cog > div > div {
    background: #efefef;
    display: block;
    float: left;
    position: absolute;
    width: 20px;
    margin-left: 40px;
    margin-top: 40px;
    height: 20px; }
    .cog > div > div:nth-child(1) {
      -webkit-transform: perspective(50px) matrix3d(1, 0, 0, 0, 0, 0.96593, 0.25882, 0, 0, -0.25882, 0.96593, 0, 0, -55, 0, 1);
      -moz-transform: perspective(50px) matrix3d(1, 0, 0, 0, 0, 0.96593, 0.25882, 0, 0, -0.25882, 0.96593, 0, 0, -55, 0, 1);
      -ms-transform: perspective(50px) matrix3d(1, 0, 0, 0, 0, 0.96593, 0.25882, 0, 0, -0.25882, 0.96593, 0, 0, -55, 0, 1);
      -o-transform: perspective(50px) matrix3d(1, 0, 0, 0, 0, 0.96593, 0.25882, 0, 0, -0.25882, 0.96593, 0, 0, -55, 0, 1);
      transform: perspective(50px) matrix3d(1, 0, 0, 0, 0, 0.96593, 0.25882, 0, 0, -0.25882, 0.96593, 0, 0, -55, 0, 1); }
    .cog > div > div:nth-child(2) {
      -webkit-transform: perspective(50px) matrix3d(0.70711, 0.70711, 0, 0, -0.68301, 0.68301, 0.25882, 0, 0.18301, -0.18301, 0.96593, 0, 38.89087, -38.89087, 0, 1);
      -moz-transform: perspective(50px) matrix3d(0.70711, 0.70711, 0, 0, -0.68301, 0.68301, 0.25882, 0, 0.18301, -0.18301, 0.96593, 0, 38.89087, -38.89087, 0, 1);
      -ms-transform: perspective(50px) matrix3d(0.70711, 0.70711, 0, 0, -0.68301, 0.68301, 0.25882, 0, 0.18301, -0.18301, 0.96593, 0, 38.89087, -38.89087, 0, 1);
      -o-transform: perspective(50px) matrix3d(0.70711, 0.70711, 0, 0, -0.68301, 0.68301, 0.25882, 0, 0.18301, -0.18301, 0.96593, 0, 38.89087, -38.89087, 0, 1);
      transform: perspective(50px) matrix3d(0.70711, 0.70711, 0, 0, -0.68301, 0.68301, 0.25882, 0, 0.18301, -0.18301, 0.96593, 0, 38.89087, -38.89087, 0, 1); }
    .cog > div > div:nth-child(3) {
      -webkit-transform: perspective(50px) matrix3d(0, 1.0, 0, 0, -0.96593, 0, 0.25882, 0, 0.25882, 0, 0.96593, 0, 55.0, 0, 0, 1);
      -moz-transform: perspective(50px) matrix3d(0, 1.0, 0, 0, -0.96593, 0, 0.25882, 0, 0.25882, 0, 0.96593, 0, 55.0, 0, 0, 1);
      -ms-transform: perspective(50px) matrix3d(0, 1.0, 0, 0, -0.96593, 0, 0.25882, 0, 0.25882, 0, 0.96593, 0, 55.0, 0, 0, 1);
      -o-transform: perspective(50px) matrix3d(0, 1.0, 0, 0, -0.96593, 0, 0.25882, 0, 0.25882, 0, 0.96593, 0, 55.0, 0, 0, 1);
      transform: perspective(50px) matrix3d(0, 1.0, 0, 0, -0.96593, 0, 0.25882, 0, 0.25882, 0, 0.96593, 0, 55.0, 0, 0, 1); }
    .cog > div > div:nth-child(4) {
      -webkit-transform: perspective(50px) matrix3d(-0.70711, 0.70711, 0, 0, -0.68301, -0.68301, 0.25882, 0, 0.18301, 0.18301, 0.96593, 0, 38.89087, 38.89087, 0, 1);
      -moz-transform: perspective(50px) matrix3d(-0.70711, 0.70711, 0, 0, -0.68301, -0.68301, 0.25882, 0, 0.18301, 0.18301, 0.96593, 0, 38.89087, 38.89087, 0, 1);
      -ms-transform: perspective(50px) matrix3d(-0.70711, 0.70711, 0, 0, -0.68301, -0.68301, 0.25882, 0, 0.18301, 0.18301, 0.96593, 0, 38.89087, 38.89087, 0, 1);
      -o-transform: perspective(50px) matrix3d(-0.70711, 0.70711, 0, 0, -0.68301, -0.68301, 0.25882, 0, 0.18301, 0.18301, 0.96593, 0, 38.89087, 38.89087, 0, 1);
      transform: perspective(50px) matrix3d(-0.70711, 0.70711, 0, 0, -0.68301, -0.68301, 0.25882, 0, 0.18301, 0.18301, 0.96593, 0, 38.89087, 38.89087, 0, 1); }
    .cog > div > div:nth-child(5) {
      -webkit-transform: perspective(50px) matrix3d(-1.0, 0, 0, 0, 0, -0.96593, 0.25882, 0, 0, 0.25882, 0.96593, 0, 0, 55.0, 0, 1);
      -moz-transform: perspective(50px) matrix3d(-1.0, 0, 0, 0, 0, -0.96593, 0.25882, 0, 0, 0.25882, 0.96593, 0, 0, 55.0, 0, 1);
      -ms-transform: perspective(50px) matrix3d(-1.0, 0, 0, 0, 0, -0.96593, 0.25882, 0, 0, 0.25882, 0.96593, 0, 0, 55.0, 0, 1);
      -o-transform: perspective(50px) matrix3d(-1.0, 0, 0, 0, 0, -0.96593, 0.25882, 0, 0, 0.25882, 0.96593, 0, 0, 55.0, 0, 1);
      transform: perspective(50px) matrix3d(-1.0, 0, 0, 0, 0, -0.96593, 0.25882, 0, 0, 0.25882, 0.96593, 0, 0, 55.0, 0, 1); }
    .cog > div > div:nth-child(6) {
      -webkit-transform: perspective(50px) matrix3d(-0.70711, -0.70711, 0, 0, 0.68301, -0.68301, 0.25882, 0, -0.18301, 0.18301, 0.96593, 0, -38.89087, 38.89087, 0, 1);
      -moz-transform: perspective(50px) matrix3d(-0.70711, -0.70711, 0, 0, 0.68301, -0.68301, 0.25882, 0, -0.18301, 0.18301, 0.96593, 0, -38.89087, 38.89087, 0, 1);
      -ms-transform: perspective(50px) matrix3d(-0.70711, -0.70711, 0, 0, 0.68301, -0.68301, 0.25882, 0, -0.18301, 0.18301, 0.96593, 0, -38.89087, 38.89087, 0, 1);
      -o-transform: perspective(50px) matrix3d(-0.70711, -0.70711, 0, 0, 0.68301, -0.68301, 0.25882, 0, -0.18301, 0.18301, 0.96593, 0, -38.89087, 38.89087, 0, 1);
      transform: perspective(50px) matrix3d(-0.70711, -0.70711, 0, 0, 0.68301, -0.68301, 0.25882, 0, -0.18301, 0.18301, 0.96593, 0, -38.89087, 38.89087, 0, 1); }
    .cog > div > div:nth-child(7) {
      -webkit-transform: perspective(50px) matrix3d(0, -1.0, 0, 0, 0.96593, 0, 0.25882, 0, -0.25882, 0, 0.96593, 0, -54.99999, 0, 0, 1);
      -moz-transform: perspective(50px) matrix3d(0, -1.0, 0, 0, 0.96593, 0, 0.25882, 0, -0.25882, 0, 0.96593, 0, -54.99999, 0, 0, 1);
      -ms-transform: perspective(50px) matrix3d(0, -1.0, 0, 0, 0.96593, 0, 0.25882, 0, -0.25882, 0, 0.96593, 0, -54.99999, 0, 0, 1);
      -o-transform: perspective(50px) matrix3d(0, -1.0, 0, 0, 0.96593, 0, 0.25882, 0, -0.25882, 0, 0.96593, 0, -54.99999, 0, 0, 1);
      transform: perspective(50px) matrix3d(0, -1.0, 0, 0, 0.96593, 0, 0.25882, 0, -0.25882, 0, 0.96593, 0, -54.99999, 0, 0, 1); }
    .cog > div > div:nth-child(8) {
      -webkit-transform: perspective(50px) matrix3d(0.70712, -0.7071, 0, 0, 0.68301, 0.68303, 0.25882, 0, -0.18301, -0.18302, 0.96593, 0, -38.89066, -38.89177, 0, 1);
      -moz-transform: perspective(50px) matrix3d(0.70712, -0.7071, 0, 0, 0.68301, 0.68303, 0.25882, 0, -0.18301, -0.18302, 0.96593, 0, -38.89066, -38.89177, 0, 1);
      -ms-transform: perspective(50px) matrix3d(0.70712, -0.7071, 0, 0, 0.68301, 0.68303, 0.25882, 0, -0.18301, -0.18302, 0.96593, 0, -38.89066, -38.89177, 0, 1);
      -o-transform: perspective(50px) matrix3d(0.70712, -0.7071, 0, 0, 0.68301, 0.68303, 0.25882, 0, -0.18301, -0.18302, 0.96593, 0, -38.89066, -38.89177, 0, 1);
      transform: perspective(50px) matrix3d(0.70712, -0.7071, 0, 0, 0.68301, 0.68303, 0.25882, 0, -0.18301, -0.18302, 0.96593, 0, -38.89066, -38.89177, 0, 1); }
